msa2lddt tmpdb foldmason_tmp/msa.fa 

MMseqs Version:        	763a428b75f5c0447b8205e1198f35de531ea2bf
LDDT pair threshold    	0
Threads                	32
Input Newick guide tree	
Verbosity              	3
                       	
                       	true

Average MSA LDDT: 0.186604
Columns considered: 374/374
Column scores: 1.000000,1.000000,1.000000,1.000000,1.000000,1.000000,0.920000,1.000000,0.900000,1.000000,1.000000,1.000000,1.000000,1.000000,0.281250,0.178571,1.000000,1.000000,0.089286,1.000000,1.000000,1.000000,1.000000,0.189655,1.000000,1.000000,1.000000,1.000000,1.000000,0.913043,0.913043,1.000000,1.000000,1.000000,1.000000,1.000000,1.000000,1.000000,0.141304,0.250000,0.133929,0.184783,0.185484,0.187500,0.218750,0.201389,0.220588,0.260000,0.187500,0.195312,0.257576,0.361111,0.298387,0.371212,0.370690,0.281250,0.304348,0.289474,0.337500,0.406250,0.361111,0.326087,0.318182,0.426471,0.380952,0.391304,0.453125,0.342105,0.250000,0.330645,0.343750,0.357143,0.284722,0.301724,0.385417,0.220588,0.151515,0.259259,0.320000,0.171875,0.135714,0.250000,0.305556,0.242424,0.201613,0.155172,0.185185,0.215517,0.138889,0.152174,0.230000,0.370000,0.250000,0.250000,0.284091,0.312500,0.302632,0.319444,0.308824,0.300000,0.375000,0.283333,0.208333,0.434211,0.403846,0.433333,0.562500,0.522727,0.500000,0.545455,0.454545,0.386364,0.431818,0.666667,0.666667,0.357143,0.226190,0.282609,0.203704,0.121212,0.079787,0.103774,0.101695,0.084821,0.147959,0.103448,0.107759,0.100962,0.143519,0.125000,0.086538,0.109756,0.100000,0.176471,0.098684,0.164062,0.184524,0.205128,0.156863,0.239362,0.182692,0.163462,0.118421,0.160714,0.087719,0.109649,0.125000,0.114407,0.145161,0.181452,0.150000,0.138889,0.093333,0.126984,0.122807,0.158333,0.083333,0.089623,0.130000,0.157143,0.206897,0.284091,0.270000,0.250000,0.258065,0.152439,0.185714,0.106383,0.116379,0.146341,0.163265,0.134146,0.198718,0.179688,0.227273,0.293478,0.302632,0.352941,0.330000,0.268519,0.201389,0.158537,0.109091,0.107143,0.100000,0.046875,0.000000,0.000000,0.000000,0.000000,0.000000,0.000000,0.000000,0.000000,0.000000,0.000000,0.000000,0.000000,0.000000,0.000000,0.000000,0.000000,0.000000,0.000000,0.000000,0.000000,0.000000,0.000000,0.000000,0.000000,0.000000,0.000000,0.000000,0.000000,0.000000,0.000000,0.000000,0.000000,0.000000,0.000000,0.000000,0.000000,0.000000,0.000000,0.000000,0.000000,0.000000,0.000000,0.000000,0.000000,0.000000,0.000000,0.000000,0.000000,0.000000,0.000000,0.000000,0.000000,0.000000,0.000000,0.000000,0.000000,0.000000,0.000000,0.000000,0.000000,0.000000,0.000000,0.000000,0.000000,0.000000,0.000000,0.000000,0.000000,0.000000,0.000000,0.000000,0.000000,0.000000,0.000000,0.000000,0.000000,0.000000,0.000000,0.000000,0.000000,0.000000,0.000000,0.000000,0.000000,0.000000,0.000000,0.000000,0.000000,0.000000,0.000000,0.000000,0.000000,0.000000,0.000000,0.000000,0.000000,0.000000,0.000000,0.000000,0.000000,0.000000,0.000000,0.000000,0.000000,0.000000,0.000000,0.000000,0.000000,0.000000,0.000000,0.000000,0.000000,0.000000,0.000000,0.000000,0.000000,0.000000,0.000000,0.000000,0.000000,0.000000,0.000000,0.000000,0.000000,0.000000,0.000000,0.000000,0.000000,0.000000,0.000000,0.000000,0.000000,0.000000,0.000000,0.000000,0.000000,0.000000,0.000000,0.000000,0.000000,0.000000,0.000000,0.000000,0.000000,0.000000,0.000000,0.000000,0.000000,0.000000,0.000000,0.000000,0.000000,0.000000,0.000000,0.000000,0.000000,0.000000,0.000000,0.000000,0.000000,0.000000,0.000000,0.000000,0.000000,0.000000,0.000000,0.000000,0.000000,0.000000,0.000000,0.000000,0.000000,0.000000,0.000000,0.000000,0.000000,0.000000,0.000000,0.000000,0.000000,0.000000,0.000000,0.000000,0.000000,0.000000,0.000000,0.000000,0.000000
Time for processing: 0h 0m 0s 78ms
